#Webcam calibration file. Please put a commentary of current calibration values
from numpy import array, identity

#Calibration values for webcam logitech for pushing experiment. 04.06.2011. Federico Ruiz
camera_pose= array([[-0.14450788, -0.80255737,  0.57880837,  0.47380509],
       [-0.9795183 ,  0.03313242, -0.19861055, -0.07291363],
       [ 0.14021904, -0.59565418, -0.79090753,  1.47609746],
       [ 0.        ,  0.        ,  0.        ,  1.        ]])
rel_pose_marker_finger= array([[  9.99456451e-01,  -2.99759476e-02,  -1.37202683e-02,
          3.36067185e-04],
       [  2.86700419e-02,   9.95786060e-01,  -8.71099932e-02,
         -1.43058181e-02],
       [  1.62736565e-02,   8.66692840e-02,   9.96104213e-01,
         -1.26376405e-03],
       [  0.00000000e+00,   0.00000000e+00,   0.00000000e+00,
          1.00000000e+00]])
#Adjusted by hand
rel_pose_marker_finger= array([[  9.99456451e-01,  -2.99759476e-02,  -1.37202683e-02,
          0.01],
       [  2.86700419e-02,   9.95786060e-01,  -8.71099932e-02,
         -1.43058181e-02],
       [  1.62736565e-02,   8.66692840e-02,   9.96104213e-01,
         -1.26376405e-03],
       [  0.00000000e+00,   0.00000000e+00,   0.00000000e+00,
          1.00000000e+00]])

#Calibration values for webcam logitech for pushing experiment. 05.06.2011. Federico Ruiz
camera_pose= array([[-0.12529083, -0.81547922,  0.5650627 ,  0.48914623],
       [-0.98570058,  0.03763103, -0.16425065, -0.08741848],
       [ 0.1126791 , -0.57756173, -0.80853316,  1.5026083 ],
       [ 0.        ,  0.        ,  0.        ,  1.        ]])
rel_pose_marker_finger= array([[  9.65177204e-01,   1.46554650e-02,   2.61186107e-01,
          5.44948021e-03],
       [  9.35570721e-03,   9.95856921e-01,  -9.04514482e-02,
         -2.43680819e-04],
       [ -2.61429600e-01,   8.97452566e-02,   9.61041286e-01,
          1.05151661e-03],
       [  0.00000000e+00,   0.00000000e+00,   0.00000000e+00,
          1.00000000e+00]])
rel_pose_marker_finger= array([[  9.65177204e-01,   1.46554650e-02,   2.61186107e-01,
          0.005],
       [  9.35570721e-03,   9.95856921e-01,  -9.04514482e-02,
          0.005],
       [ -2.61429600e-01,   8.97452566e-02,   9.61041286e-01,
          1.05151661e-03],
       [  0.00000000e+00,   0.00000000e+00,   0.00000000e+00,
          1.00000000e+00]])
rel_pose_marker_finger= identity(4)

#07.06.2011 works!
camera_pose= array([[-0.09800769, -0.80179927,  0.58950184,  0.45191355],
       [-0.96501398, -0.06818407, -0.25317771, -0.08434989],
       [ 0.24319234, -0.59369088, -0.76706494,  1.45392341],
       [ 0.        ,  0.        ,  0.        ,  1.        ]])
rel_pose_marker_finger= array([[ 0.99578288, -0.01471109, -0.09055405, -0.00565352],
       [ 0.00701551,  0.99637994, -0.08472191, -0.03440077],
       [ 0.09147259,  0.08372935,  0.99228129, -0.00785144],
       [ 0.        ,  0.        ,  0.        ,  1.        ]])
rel_pose_marker_finger= array([[ 0.99578288, -0.01471109, -0.09055405, 0.005],
       [ 0.00701551,  0.99637994, -0.08472191, -0.03440077],
       [ 0.09147259,  0.08372935,  0.99228129, -0.00785144],
       [ 0.        ,  0.        ,  0.        ,  1.        ]])



camera_pose= array([[ 0.19213171, -0.7053243 , -0.68235111, -2.32937404],
       [-0.83383257,  0.24932506, -0.49250407, -6.81381979],
       [ 0.51750233,  0.66359223, -0.54021912, -1.5250312 ],
       [ 0.        ,  0.        ,  0.        ,  1.        ]])
rel_pose_marker_finger= array([[ 0.39462982,  0.26380257,  0.88015653, -3.33585234],
       [-0.91775509,  0.06662633,  0.39151824, -7.80157641],
       [ 0.04464192, -0.9622729 ,  0.26839888,  2.12477754],
       [ 0.        ,  0.        ,  0.        ,  1.        ]])
